I
850 Generated by WorldEditor 1.6.0b1

17     62 1 0 RJBM Maizuru Heliport
102 H3  35.48995378  135.37877801 109.61 30.00 30.00 1 0 0 0.25 0
102 H2  35.49041974  135.37717429 109.63 30.00 30.00 1 0 0 0.25 0
102 H1  35.49088561  135.37557101 109.65 30.00 30.00 1 0 0 0.25 0
100 45.00 1 0 0.25 0 1 0 12  35.49103283  135.37506424    0    0 0 0 0 0 30  35.48980917  135.37927573    0    0 0 0 0 0
110 1 0.25 109.6400 New Taxiway 8
112  35.48991736  135.37787864  35.48991679  135.37782108
112  35.48982884  135.37777582  35.48978198  135.37777582
112  35.48974356  135.37787743  35.48974356  135.37793357
114  35.48982948  135.37798154  35.48987866  135.37798296
110 1 0.25 109.6400 New Taxiway 8
112  35.48982355  135.37819505  35.48982297  135.37813750
112  35.48973503  135.37809223  35.48968817  135.37809223
112  35.48964975  135.37819385  35.48964975  135.37824998
114  35.48973567  135.37829795  35.48978485  135.37829937
110 2 0.25 109.6400 New Taxiway 1
111  35.48856556  135.37808376
111  35.48814796  135.37790765
111  35.48797883  135.37849868
113  35.48838916  135.37868794
110 2 0.25 109.6400 New Taxiway 1
111  35.48902286  135.37650170
111  35.48848141  135.37627162
111  35.48833026  135.37680623
113  35.48886043  135.37704701
110 2 0.25 109.6400 New Taxiway 1
111  35.48929902  135.37555102
111  35.48878105  135.37532094
111  35.48862990  135.37586365
113  35.48913810  135.37609278
110 2 0.25 109.6400 Apron
111  35.48962677  135.37444371
111  35.48841912  135.37863372
112  35.48904615  135.37894216  35.48909938  135.37896922
112  35.48908734  135.37909782  35.48906532  135.37916319
111  35.48908734  135.37909782
111  35.48937567  135.37921845
112  35.48937567  135.37921845  35.48940596  135.37912940
112  35.48948960  135.37914062  35.48952264  135.37915415
111  35.48948960  135.37914062
111  35.48953414  135.37899368
112  35.48953414  135.37899368  35.48943446  135.37895473
112  35.48938376  135.37872251  35.48942689  135.37857372
111  35.48982707  135.37719032
111  35.48986551  135.37720559
111  35.49001420  135.37668752
111  35.48997541  135.37667289
111  35.49041886  135.37515063
111  35.49045979  135.37516935
113  35.49055070  135.37485564
110 1 0.25 109.6400 New Taxiway 2
111  35.49128712  135.37510281
111  35.48967892  135.37438267
112  35.48971990  135.37422920  35.48973528  135.37417793
112  35.48991117  135.37426578  35.48993094  135.37431435
111  35.48998990  135.37439877
111  35.49026755  135.37451465
111  35.49039875  135.37444699
111  35.49058999  135.37453441
111  35.49080605  135.37381193
111  35.49035861  135.37361037
111  35.49013456  135.37374141
112  35.49002935  135.37408216  35.48997002  135.37425755
112  35.48977399  135.37394551  35.48983551  135.37375932
111  35.48977399  135.37394551
111  35.48973482  135.37387836
112  35.48904440  135.37440338  35.48897431  135.37445384
112  35.48885108  135.37438025  35.48880274  135.37430604
111  35.48858468  135.37398555
112  35.48814142  135.37344430  35.48811782  135.37341210
112  35.48812843  135.37328088  35.48815006  135.37325592
111  35.48804842  135.37337098
111  35.48800212  135.37354654
111  35.48808694  135.37363385
111  35.48814258  135.37367110
111  35.48817411  135.37363550
112  35.48848853  135.37401763  35.48854447  135.37408967
111  35.48850666  135.37424259
111  35.48830103  135.37413968
112  35.48832938  135.37401556  35.48834055  135.37396377
112  35.48824853  135.37388367  35.48820265  135.37385778
112  35.48806569  135.37379037  35.48801658  135.37376691
112  35.48793314  135.37380396  35.48791813  135.37385255
112  35.48767677  135.37474289  35.48765879  135.37480667
112  35.48776386  135.37491698  35.48782778  135.37495377
112  35.48818575  135.37517107  35.48821662  135.37518891
112  35.48822224  135.37527336  35.48820860  135.37531022
111  35.48806406  135.37577041
111  35.48794499  135.37729491
112  35.48794499  135.37729491  35.48799151  135.37732993
112  35.48800308  135.37743615  35.48798357  135.37749697
111  35.48795087  135.37761193
111  35.48789563  135.37846730
112  35.48900777  135.37899305  35.48906100  135.37902011
112  35.48904665  135.37913470  35.48903007  135.37919323
111  35.48904665  135.37913470
111  35.48940720  135.37929526
112  35.48943231  135.37922444  35.48943843  135.37920709
112  35.48947211  135.37921007  35.48948953  135.37921874
113  35.49001398  135.37945057
112  35.48966817  135.37889137  35.48965250  135.37894141
112  35.48957399  135.37894126  35.48954516  135.37892586
112  35.48946354  135.37888258  35.48943282  135.37886564
112  35.48943295  135.37875477  35.48944675  135.37871012
112  35.48988070  135.37721451  35.48989656  135.37716327
112  35.48997102  135.37715536  35.49001024  135.37717381
112  35.49008868  135.37721169  35.49012539  135.37723116
114  35.49012355  135.37733056  35.49010689  135.37738376
112  35.49071461  135.37531030  35.49070084  135.37535539
111  35.49028770  135.37676675
111  35.49004569  135.37664780
112  35.49047269  135.37517740  35.49048972  135.37512656
112  35.49056599  135.37513514  35.49060821  135.37515430
114  35.49067725  135.37518841  35.49072038  135.37521096
112  35.49018484  135.37689291  35.49015230  135.37687754
112  35.49006257  135.37683463  35.49001584  135.37681004
112  35.49003091  135.37669385  35.49005010  135.37662519
111  35.49003091  135.37669385
111  35.49027351  135.37681637
114  35.49027351  135.37681637  35.49025599  135.37687990
112  35.49055985  135.37404799  35.49068307  135.37410912
112  35.49047042  135.37430573  35.49032103  135.37422978
112  35.49020800  135.37417305  35.49006793  135.37409993
114  35.49029260  135.37391748  35.49043072  135.37398560
130 Airport Boundary 9
111  35.48785485  135.37864373
111  35.48885473  135.37905730
111  35.48902570  135.37929271
111  35.49001588  135.37971603
111  35.49032254  135.37965189
111  35.49056099  135.37928830
111  35.49067845  135.37886701
111  35.49062344  135.37846085
111  35.49166933  135.37488278
111  35.49117974  135.37340922
111  35.49048941  135.37319381
111  35.49008700  135.37343275
111  35.48987984  135.37366078
111  35.48931794  135.37405284
111  35.48849047  135.37287569
111  35.48804842  135.37337098
111  35.48764550  135.37487421
113  35.48807550  135.37512236
18  35.48833300  135.37458400 3 New Airport Beacon 1
19  35.48973412  135.37819462 0 New Windsock 1
99
